ND			MAFLD		
100.600274	97.55196015	99.12554844	144.8452954	127.2936315	121.6130706
pcDNA3.1			HLF		
0.886161	0.730868	1.382971	1.579635	1.762191	1.641051				
pcDNA3.1			HLF		
1.01197	1.041349	0.946681	1.136017	1.22296	1.259075
SiNC			SiHLF				
1.080392	1.120997	0.798611	0.573345	0.677415	0.635676								
pcDNA3.1				HLF			
108.5652387	101.8604206	93.09809543	96.47624528	122.9611416	111.1034057	115.9191239	114.9878963							
SiNC				SiHLF			
91.92529807	105.1443833	105.1036914	97.82662716	65.42542797	82.18438237	66.83726725	65.05250685							
SiNC				SiHLF			
97.64989924	99.56887427	104.796991	102.8843114	86.43040437	92.61934601	83.10955058	60.46439877
