celltype	MAFLD	ND
Absorptive Enterocyte_cells	2198	2239
Enteroendocfine_cells	484	381
Goblet_cells	373	363
Stem_cells	528	887
TA_cells	664	1126
Tuft_cells	33	71
KEGG_ID	Pathway_Name	S_Gene_Number	TS_Gene_Number	B_Gene_Number	TB_Gene_Number	p_Value
mcf03010	Ribosome	56	709	188	22050	1.97693E-38
mcf03320	PPAR signaling pathway	25	709	68	22050	2.27771E-20
mcf04152	AMPK signaling pathway	26	709	116	22050	3.64059E-15
mcf05200	Pathways in cancer	51	709	477	22050	5.72759E-14
mcf04976	Bile secretion	19	709	74	22050	1.39718E-12
mcf04931	Insulin resistance	22	709	105	22050	2.07549E-12
mcf04714	Thermogenesis	31	709	215	22050	2.66529E-12
mcf04975	Fat digestion and absorption	14	709	40	22050	1.19035E-11
mcf05416	Viral myocarditis	16	709	62	22050	7.61155E-11
mcf04120	Ubiquitin mediated proteolysis	23	709	137	22050	7.90905E-11
mcf00980	Metabolism of xenobiotics by cytochrome P450	16	709	65	22050	1.64951E-10
mcf04151	PI3K-Akt signaling pathway	35	709	314	22050	1.77146E-10
mcf04932	Non-alcoholic fatty liver disease	23	709	147	22050	3.4015E-10
mcf04144	Endocytosis	28	709	232	22050	2.00361E-09
mcf00620	Pyruvate metabolism	12	709	42	22050	5.08124E-09
mcf04919	Thyroid hormone signaling pathway	19	709	116	22050	5.34191E-09
mcf04974	Protein digestion and absorption	16	709	92	22050	3.57916E-08
mcf00100	Steroid biosynthesis	8	709	19	22050	6.06586E-08
mcf04972	Pancreatic secretion	15	709	87	22050	1.07632E-07
mcf01212	Fatty acid metabolism	12	709	54	22050	1.10666E-07
celltype	MAFLD	ND
both	1944	2982
carbohydrate	196	258
Long-chain fatty acid	1256	759
1K	RNA-SEQ		SCRNA-SEQ	 Fatty acid	
sample	ND-rtfpkm	MAFLD-rtfpkm	sample	ND-rt	MAFLD-rt
UBD	73.678032	298.011589	UBD	0.03	0.72
C6	0.6125725	8.261539	C6	0.03	0.68
ENPP7	12.27527169	33.82748484	ENPP7	0.03	0.67
MS4A18	33.0791215	73.545456	MS4A18	0.09	0.68
TAP1	73.78959544	158.2074724	TAP1	0.58	1.43
SH2D3A	14.073615	35.9923685	SH2D3A	0.31	0.85
HLF	4.5436435	8.052995	HLF	0.49	1.10
IYD	11.67001424	30.43805278	IYD	0.09	0.52
CYP2F1	0.689435	7.0251195	CYP2F1	0.21	0.69
CYP4F57	21.4659605	59.126524	CYP4F57	0.15	0.57
CLSPN	1.2845635	0.3038545	CLSPN	1.03	0.11
CFTR	13.03520944	4.275379751	CFTR	5.83	2.82
TPD52	49.14096624	21.29310329	TPD52	7.18	3.66
PRKAR2A	5.602354851	1.068401259	PRKAR2A	2.40	1.03
TEAD1	1.024138874	0.315831552	TEAD1	2.72	1.22
WDR76	3.45263	0.896942	WDR76	1.05	0.23
DDX21	10.45446836	4.212936778	DDX21	1.01	0.23
PUS7	6.413794502	2.745640654	PUS7	1.07	0.31
BACE2	16.26458	7.162746	BACE2	0.90	0.21
NAA15	13.91460324	6.777420694	NAA15	2.10	0.97
ND			MAFLD		
0.981903	1.093095	0.925003	1.49184	1.441894	2.081229
0.962697	1.297441	0.739862	1.857244	2.448913	1.582096
1Q											ND						HFD					
0.903061	1.073927	1.04456	1.616525	0.988214	1.225097	2.66271	5.252104	4.447194	3.818207	5.288635	5.551569
1R							pcDNA3.1				HLF			
82.34977	98.86948	98.52584	109.8096	135.1347	127.0749	138.639	115.526
	pcDNA3.1				HLF			
0	13972	13824	13728	13856	14188	14842	14023	13888
1	13820	13792	13584	13886	14228	14844	14020	14128
2	14148	13928	13976	14216	14460	15016	14280	14388
3	14416	14408	14300	14616	14932	15332	14572	14828
4	14676	14704	14532	14912	15176	15672	14900	15280
5	14827	14784	14820	15148	15340	15816	15116	15636
6	14996	14960	14911	15356	15648	16212	15464	15744
7	15129	15128	14920	15428	15884	16216	15800	16040
8	15164	15368	15044	15548	15952	16456	15740	16284
9	15272	15536	15232	15496	16104	16694	15824	16500
10	15252	15516	15328	15752	16042	16766	16308	16548
11	15403	15364	15333	15832	16336	16760	16364	16544
12	15404	15436	15456	15848	16340	16924	16464	16743
13	15400	15512	15408	15988	16446	17186	16568	16764
14	15522	15547	15528	15940	16492	17156	16640	16864
15	15471	15716	15472	15956	16600	17136	16680	16988
16	15411	15564	15673	16016	16596	17240	16712	17062
17	15563	15616	15540	15972	16526	17272	16742	17088
18	15513	15637	15500	16056	16502	17276	16692	17116
19	15477	15732	15568	15924	16592	17180	16704	17060
20	15484	15696	15588	15932	16528	17360	16720	16960
21	15520	15656	15576	15896	16556	17248	16740	16956
22	15545	15697	15482	15802	16404	17352	16676	16984
23	15473	15715	15444	15792	16442	17340	16660	16906
24	15493	15635	15460	15756	16468	17268	16634	16900
25	15476	15577	15544	15700	16448	17194	16892	16744
26	15392	15624	15556	15674	16460	17188	16746	16902
27	15380	15660	15480	15704	16480	17200	16684	16948
28	15424	15623	15432	15628	16414	17236	16700	16908
29	15412	15632	15452	15612	16412	17280	16804	16636
30	15431	15537	15492	15592	16400	17192	16768	16748
1T	SiNC				SiHLF			
0	3941.25	4032.25	4082.5	3673.75	4660	5260	5415	5205
1	3652.5	3791.25	3851.25	3448.25	4258.75	4948.75	5121.25	4953.75
2	3562.5	3707.5	3787.25	3362.5	4122.5	4796.25	4952.5	4767.5
3	3560	3767.5	3815	3405	4051.25	4851.25	5008.75	4692.5
4	3592.5	3755	3875	3448.75	4081.25	4856.25	5076.25	4758.25
5	3727.5	3827.5	3926.25	3510	4120	4932.5	5167.5	4760
6	3738.75	3932.5	4033.75	3552.5	4166.25	4927.5	5286.25	4881.25
7	3787.5	3988.75	4112.5	3640	4228.75	5137.5	5361.25	4947.5
8	3866.25	3967.5	4201.25	3666.25	4336.25	5213.75	5473.75	5000
9	3905	4040	4282.5	3740	4406.25	5203.75	5495	5087.5
10	3913.75	4137.5	4321.25	3778.75	4363.75	5295	5586.25	5132.5
11	3948.75	4131.25	4342.5	3741.25	4471.25	5412.25	5662.5	5172.5
12	3960	4095	4412.5	3803.75	4532.5	5453.75	5726.25	5237.5
13	3966.25	4136.25	4408.75	3857.5	4575	5452.5	5738.5	5258.75
14	4000	4161.25	4463.75	3867.25	4595	5517.5	5700	5300
15	4007.5	4225	4447.5	3885.5	4602.5	5523.75	5791.25	5327.5
16	4018.75	4202.5	4492.5	3858.75	4668.75	5606.25	5811.25	5357.5
17	4011.25	4205	4513.75	3823.75	4718.75	5588.75	5843.75	5388.75
18	4055	4208.25	4503.75	3837.25	4725	5665	5895	5401.25
19	4058.25	4222.5	4470	3837.15	4741.25	5658.75	5927.5	5412.5
20	4057.5	4208.75	4518.75	3828.75	4772.5	5707.5	5877.5	5373.75
21	4042.5	4248.75	4487.5	3822.5	4746.25	5686.25	5908.75	5430.5
22	4056.25	4230	4476.25	3852.25	4837.5	5701.25	5907.5	5498.75
23	4008.75	4157.5	4466.25	3852.5	4803.75	5761.25	5950	5422.5
24	4042.25	4235	4497.5	3883.75	4801.25	5738.75	5946.25	5430
25	4025.5	4212.5	4538.75	3923.75	4758.75	5727.5	5975	5456.25
26	4032.5	4247.5	4478.75	3842.5	4852.5	5796.25	5937.5	5427.5
27	4048.75	4210	4437.5	3837.5	4857.5	5776.25	5978.75	5425
28	4025	4232.5	4505	3867.5	4845	5756.25	5986.25	5472.5
29	4010	4287.5	4537.5	3885	4843.75	5765	5995	5457.5
30	4058.75	4211.25	4495	3852.75	4871.25	5785	5973.75	5428.75

