A		HLF+/+ND						HLF+/- ND						HLF+/+ HFD						HLF+/- HFD						
	0	0.967926	0.957365	0.863656	0.93595	0.82307	0.839558	0.888876	0.906779	0.868729	0.921999	0.939755	0.835753	0.970194584	0.900437349	1.048830074	1.060244906	1.029805416	0.990487671	0.862387939	0.881412597	0.908047269	0.963853094	0.932145174	0.861119604	
	0.5	0.968926	1.004439	0.960048	1.019659	0.954975	0.996829	0.905511	1.012049	0.95878	1.008244	0.878876	0.896632	1.263175215	1.307566209	1.137612061	1.152563564	1.119855739	1.083074571	1.190881309	1.151563564	1.056439994	1.015853913	1.065318154	1.057708329	
	1	1.014439	1.006976	1.083075	1.034879	1.046293	0.995561	0.985414	1.023464	0.947365	1.051367	0.991756	1.029805	1.482593511	1.34054237	1.313907793	1.402689874	1.396348196	1.193517886	1.169319981	1.42551935	1.046293497	1.168051645	1.022195497	1.07419641	
	2	1.094489	1.112246	1.150295	1.110977	1.178198	1.143807	1.159173	1.13888	1.017122	1.171857	1.16932	1.013317	1.731183149	1.491471861	1.526984505	1.573912169	1.662694156	1.453422356	1.341810706	1.383665027	1.097026074	1.306297873	1.157905148	1.193417886	
	4	1.166783	1.278396	1.155368	1.151564	1.16171	1.157905	1.091953	1.133807	1.188345	1.093221	1.14649	1.213711	1.51937468	1.390006706	1.343079041	1.453432356	1.539667672	1.305029538	1.185808061	1.244150464	1.088147819	1.175661565	0.883949268	1.078001322	
B		6.888592	6.938878	6.99922	7.813845	7.45179	7.029391	7.230534	6.335451	7.190305	7.039448	6.576822	6.617051	11.012	12.24903	10.90138	11.34389	11.2936	11.28355	9.15144	9.131325	8.236243	8.900012	9.312353	9.25201	
																										
C	0	0.752249258	1.131244772	1.000701907	1.177566271	0.74382731	1.194410482	1.004912725	0.756460389	1.025968066	0.794359941	0.929113936	0.76067152	1.030179	0.929114	0.912269	0.937536	0.899637	0.769194	0.895425	0.908059	0.853315	0.752249	0.769094	0.802782	
	0.5	0.887003253	1.859757882	0.832269492	1.893456302	0.832259492	1.74184841	1.362852897	0.81120415	1.274420715	0.819626099	1.240732295	0.697505496	1.080712	1.039602	1.055446	1.084923	1.131245	1.1523	0.853325	0.916481	1.038602	1.013335	0.996491	0.861737	
	1	1.598672153	2.575638227	1.746059228	2.546160623	1.493395761	2.499839124	1.758696621	1.164933192	1.779747962	0.870159043	1.644993967	0.853314833	1.114401	1.202833	1.07229	1.392331	1.324954	1.367064	1.068079	1.068089	1.021757	1.03439	0.958591	0.988068	
	2	4.609579979	4.58010269	4.596946586	4.319016961	4.605368848	3.139920366	1.80080299	2.541949493	2.929366954	2.550371754	2.883045768	2.920945319	2.575638	2.54616	2.42404	2.474573	2.436673	2.331397	2.023989	2.036623	1.973457	2.525105	2.592483	1.62815	
	4	1.257576505	2.445095362	1.13966672	2.365085129	1.274420815	2.415617759	2.019778349	1.990300746	1.750270359	1.573405995	1.758692621	1.893446302	1.577617	1.51024	1.244943	2.082944	2.074522	2.137688	1.569195	1.501818	1.451285	1.497607	1.333376	1.455496	
D		14.15	13.97	12.88	15.23	15.03	14.86	12.11	12.09	11.82	13.51	13.26	10.55	20.01	24.92	20.02	23.99	19.81	20.34	13.95	14.54	16.75	13.32	16.34	14.91	
																										
		HLF+/+ HFD						HLF+/- ND						HLF+/+ND						HLF-/-ND						
E	0	0.928978356	1.005791428	0.943609404	1.075289113	1.04602688	1.000304819	0.925320526	0.989331465	0.916176086	0.983844856	0.941780489	0.901545038	0.995109847	0.970961254	1.009090592	0.893431612	0.870553984	0.918851171	0.927747928	0.922664067	0.963335335	0.955709417	0.965877392	0.973503184	
	0.5	1.175877673	1.111866734	1.519707856	1.258177491	1.126497782	1.025909222	1.133813307	1.089920161	0.985673771	1.024080307	1.086262331	0.99116038	1.091704095	1.057387779	1.059929709	1.112049792	1.13237549	1.136188486	0.960793531	1.005277696	1.071368524	1.136188386	1.131104525	1.112039792	
	1	1.516050163	1.53616782	1.344136003	1.576403271	1.552627784	1.413632687	1.292926333	1.170391064	1.492274675	1.26732193	1.269150845	1.067973589	1.278537764	1.262015215	1.274724994	1.241679517	1.427242094	1.231511668	1.201008248	1.311583872	1.197195352	1.234053725	1.206092236	1.227698772	
	2	2.002533408	1.751976261	1.93486464	1.495932369	1.781238358	1.920233592	0.905202868	1.313043991	1.294755512	1.411803772	1.433750345	1.375226015	1.564508116	1.561966691	1.598824306	1.427243094	1.47808197	1.556882577	1.418345211	1.366235254	1.526379157	1.411991016	1.48316482	1.376403482	
	4	1.580061102	1.345963918	1.283781894	1.397172724	1.331332869	1.296584027	0.892400598	1.382541675	1.210626515	1.334990563	1.344135003	1.294755112	1.292518761	1.359881059	1.27345365	1.302686989	1.362422485	1.385300365	1.265828111	1.26964088	1.323022181	1.326834951	1.331919064	1.345900062	
F		13.08	11.87	12.38	11.44	11.98	12	8.036	10.04	9.988	10.32	10.45	9.759	10.79	10.84	10.82	10.31	10.87	10.88	10.01	10.07	10.57	10.35	10.54	10.26	
																										
G		HLF+/+ND						HLF+/- ND						HLF+/+ HFD						HLF+/- HFD						
	0	0.533786	0.648651	0.719766	0.552764	0.602105	0.495831	0.529991	0.419921	0.511013	0.526195	0.632469	0.518604	0.818448638	1.144861477	0.852608147	1.099315558	0.981655057	1.103111122	0.636264682	0.746334055	0.757720464	0.780493564	0.765311592	0.727356518	
	0.5	1.383978	1.421933	1.254931	0.993042	1.270113	0.996837	0.659138	0.586923	0.647651	0.71597	0.659038	0.56415	1.315659024	1.023405412	1.425728398	1.12588394	1.452297062	1.076542458	0.552763689	1.706595319	0.62487799	1.835642511	0.575536507	1.797687438	
	1	1.972281	2.291102	2.048191	1.998849	1.175225	1.232158	1.038587	1.091724	1.049974	0.917132	1.057565	0.841221	4.310308035	2.761744549	4.663289822	2.993269987	4.701244896	3.141294151	2.097531875	2.302488953	2.097531895	2.23037437	1.991257803	2.150668942	
	2	4.05601	4.439355	3.543617	4.276148	3.733392	4.446946	2.599769	3.581572	2.078555	2.693426	3.881416	2.655471	9.039500338	7.889464273	8.67513299	8.170331475	8.534698822	7.995738928	4.147101616	5.414798467	4.033236962	4.746790531	4.029441398	5.141522389	
	4	5.075791	4.221803	5.070098	4.267348	4.517853	4.610843	4.134506	4.180053	4.104143	4.022541	4.206621	4.100348	8.667541861	8.28799226	8.56885833	8.390471787	8.386674659	8.390470787	6.23083113	4.158488308	6.333309657	4.139510488	6.151125419	4.192647817	
H		26.93	26.94	25.46	25.63	23.57	25.66	18.55	21.54	16.92	18.48	22.62	18.25	52.64	45.98	52.01	47.46	51.37	47.11	28.92	30.09	28.42	29.09	28.34	29.2	
		HLF+/+ND							HLF+/-ND						HLF+/+HFD						HLF+/-HFD					
I		0.194527	0.196084	0.205981	0.207761	0.171729	0.198864	0.18752	0.220872	0.227222	0.109562	0.103446	0.194415	0.17918	0.264478	0.278156	0.30785	0.290612	0.49357	0.337876	0.233672	0.220772	0.223664	0.239789	0.23712	0.208984
		HLF+/+ HFD						HLF+/- HFD																		
J	LBP	98.45632	121.4596	147.5421	102.3783	95.95532	108.7155	76.71058	93.6592	96.5526	85.52273	92.44141	78.94412													
	sCD14	49.22864	48.9107	57.45793	44.52248	46.97722	58.19731	39.25809	36.95493	41.41709	40.84776	40.46698	43.40719													
L		HLF+/+HFD								HLF+/-HFD																
	Proximal	764.9	801	680.7	875	696.1	703.2	610.7	650.2	442.6	500	384.9	360.8	385.4	234.7	209.5	319.9	322.3								
	Middle	827.1	792.3	984.6	804	878.1	726.6	835.5	908	405	429.6	477.8	356.8	331.6	491.6	418	493.6									
	Distal	619.4	713.6	798.2	745.5	726.7	655.7	668.5	752.1	423	539.8	616.5	657.1	605	624.8	586.3	442.7	560.7								
