A	HLF-/-HFD					HLF+/+HFD				
0	19.18	19	20.83	19.99	21.33	19.38	20.79	20.14	19.01	20.55
1	21.54	21.44	21.51	18.7	23.3	22.25	23.8	23.99	20.1	23.37
2	21.97	23.11	23.79	19.74	23.96	22.83	26.3	27.17	21.75	24.49
3	23.17	24.85	24.24	21.28	26.22	23	27.43	32.56	23.48	27.38
4	23.97	25.67	26.84	21.88	25.95	24.58	28.73	35.25	26.71	28.58
5	24.59	28.11	28.74	24.66	26.02	26.39	29.28	36.96	30.01	30.15
6	25.26	29.74	30.36	27.21	26.96	28.83	29.56	38.2	33.82	31.15
7	27.51	28.14	30.97	29.02	28.87	31.01	32	40.21	37.61	29
8	28.84	28.8	31.98	30.24	28.85	33.61	31.5	39.14	40.24	31.94
9	29.15	30.43	31.66	30.72	29.67	36.32	34.28	39	41.6	35.62
										
B	7.437	9.315	13.617	14.385	10.595	8.189	9.322	14.037	8.399	8.999
	14.277	17.243	21.225	19.935	18.322	15.245	18.908	23.835	17.175	17
	16.623	23.154	19.064	24.958	19.044	7.584	25.03	28.101	20.999	24.759
	18.412	27.819	19.875	27.038	20.309	14.57	28.02	30.58	22.312	25.412
	19.979	28.866	23.794	28.31	21.237	16.387	27.678	33.708	25.387	25.767
	22.964	30.793	28.028	28..901	21.045	20.898	29.802	35.357	33.316	31.416
	25.705	30.173	27.142	29.125	22.548	25.81	29.032	37.72	33.673	32.457
	27.414	31.636	26.146	29.138	26.651	31.116	33.022	39.955	37.43	38.412
	29.535	31.438	27.175	31.492	26.839	33.252	31.502	39.172	39.584	38.654
	30.868	31.936	28.432	32.602	29.103	35.421	36.672	38.854	41.148	40.212
										
C	71.089	64.298	65.069	64.845	72.152	71.847	67.821	64.61	63.101	66.941
	58.54	53.538	55.297	55.594	55.682	61.38	56.399	54.305	53.561	59.612
	58.867	57.326	56.957	54.254	57.154	64.052	52.262	50.427	52.854	58.782
	56.823	55.046	56.29	52.634	55.461	59.839	49.763	47.764	56.511	55.622
	54.38	52.826	53.881	52.687	55.102	59.007	48.089	45.617	48.245	50.932
	54.14	49.168	52.8	51.627	55.534	56.389	46.878	44.129	46.406	46.445
	51.298	47.58	49.549	51.595	54.136	51.093	47.953	41.979	44.499	43.276
	59.346	48.545	48.684	49.784	51.472	48.549	45.275	40.632	43.568	40.888
	48.589	47.4	49.901	52.886	50.34	47.611	47.041	42.098	41.041	38.946
	45.17	46.654	48.379	53.871	47.172	40.14	43.504	39.749	40.723	39.173
D	HLF+/+HFD						HLF-/-HFD					
	33.31	32.88	41.32	45.61	44.35	37.21	30.44	27.57	28.66	24.72	29.34	24.51
I	HLF+/+HFD						HLF-/-HFD					
Subcutaneous WAT	0.130423	0.177683	0.107735	0.057623	0.070467	0.053664	0.03387	0.040914	0.020053	0.029204	0.088286	0.068415
Epi WAT	0.147073	0.151809	0.056389	0.044961	0.039391	0.058828	0.058311	0.049365	0.018628	0.028472	0.01688	0.035836
	HLF+/+HFD					HLF-/-HFD				
TG	69.99005167	69.77102884	69.89005167	83.93496926	72.61841264	56.55621273	61.30186691	60.27973136	62.10497962	57.50535
TC	351.3473767	352.267918	200.1453749	283.1108604	259.6365774	181.6191171	172.0682997	165.6243735	160.1010229	154.0023
HDL-C	0.157885005	0.144671456	0.159240251	0.261221755	0.113162212	0.27714581	0.256817264	0.355410658	0.256139647	0.340503099
LDL-C	4.420825554	3.491573822	6.300298566	3.789091923	2.775314	2.272668517	1.790349077	2.246455788	1.121319	1.241943
AST	51.976612	66.78862552	50.01453722	70.94073	63.99022	25.68510556	47.83415	43.12675	34.29294	38.87914
ALT	31.40543868	34.26164165	14.27566338	15.91908133	16.91453953	7.996043962	11.97766702	12.68402533	7.552520487	14.38607
	0.257805	0.254024	0.271373	0.290723	0.294616	0.252467	0.240011	0.243125	0.219994	0.218882
LBP	93.98097	106.8679	101.162	71.55361	87.55432	60.18244	79.82439	80.11224	88.89718	62.31242
sCD14	40.7837	46.45159	39.23306	38.67093	43.30314	20.28081	29.66153	27.79981	30.8975	26.49458
TG	507.2971	303.8957	667.2911	481.1399	380.6141	205.0404	166.7003	328.2968	267.4806	255.8278
TC	92.72867	88.62342	88.19597	116.1587	143.965	41.47582	72.86539	53.75221	59.84164	79.47469
	2.385341	2.351527	3.969998	3.376853	3.335694	5.523026	5.868161	4.206271	7.691599	6.632714
	3.565361	4.662539	5.357719	1.147456	3.863297	7.46449	16.23358	10.57768	11.34341	6.416754
	7.312967	7.120081	5.818566	7.242309	9.347529	1.179715	2.223359	1.82532	1.209618	2.55992
	68.08306	66.14694	64.50987	38.7957	72.13553	52.71411	20.00566	42.75779	41.25688	45.54228
	Fe2+					Fe3+				
HLF+/-HFD	21.79199	18.11377	17.09342	18.36816	14.85359	26.5964	41.26515	23.78415	30.02687	20.98342
HLF-/-HFD	10.8879	12.39048	14.17607	13.87201	13.69771	31.98079	23.1007	36.15797	21.64622	21.95806
