A	CON fEVs						GW6471 fEVs							
33.3	35.05	33.92	40.11	41.18	34.69	34.05	30.11	30.06	30.12	31.55	32.52	31.07	32.67	
														
B	CON fEVs							GW6471 fEVs						
0	67.971	66.759	68.934	71.693	71.661	67.67	68.964	71.085	68.655	72.495	67.929	70.774	69.255	71.819
2	50.54	55.753	49.531	59.835	63.285	58.79	55.05	59.805	57.928	57.146	58.863	64.396	66.048	56.993
4	43.634	47.997	42.694	54.727	55.029	57.496	47.914	56.671	55.209	51.861	53.76	63.357	64.028	54.544
6	41.245	46.9	41.798	49.848	52.336	52.338	45.755	54.719	53.858	52.167	50.401	57.403	59.078	52.476
8	39.232	43.206	39.209	48.903	50.475	52.239	46.255	53.539	50.943	50.181	46.756	54.417	56.52	47.299
D	CON fEVs						GW6471 fEVs							
TG	105.6189	94.30239	92.47713	90.28684	112.7009	97.95289	62.54304	82.54778	73.42153	66.19353	61.95896	73.85958		
TC	270.223	303.7084	287.5986	282.5355	280.8095	277.9327	243.5268	256.7598	261.938	254.1132	197.3837	233.2855		
E	24.13695	19.96466	22.90253	22.81223	23.58473	19.79491	18.99733	13.34798	18.87272	18.58332	18.83124	17.96977		
F	10.72319	13.18927	16.3957	25.37819	13.6064	11.90257	3.354225	6.337768	6.792435	4.195138	3.777454	6.182408		
G	1.380115	1.714331	1.395843	1.252982	1.588509	1.648799	1.005269	1.326379	1.439095	1.234633	0.747071	1.229391		
H	0.116211	0.110452	0.102998	0.113501	0.099949	0.094189	0.160257	0.22768	0.152803	0.154497	0.151786	0.183973		
I	13.5	9.5	11.1	10.5	9.2	9.3	10.3	8.1	8.5	9.6	7.5	6.3	6.1	8.8
	CON fEVs					GW6471 fEVs								
K	0.045485	0.044304	0.042641	0.046701	0.0376	0.054497	0.05103	0.052735	0.051873	0.055322				
														
M	0.0325701	0.0347	0.0313893	0.0341044	0.0281172	0.0391442	0.0393511	0.0354193	0.0398345	0.0399345				
														
O	0.729259731	0.74183	0.762385	0.734618	0.720566	0.73496	0.756578	0.764336	0.744276	0.766233	0.731356	0.718258		
