A	HLF+/+ND								HLF+/-ND								HLF+/+HFD							HLF+/-HFD						
0	58.376	64.226	64.357	66.723	63.969	57.391	56.576	62.297	63.909	68.906	58.009	69.533	66.021	63.388	61.333	59.136	58.91	59.765	63.062	58.656	61.707	60.923	63.978	61.386	65.43	61.156	57.655	60.748	65.406	61.045
1	60.029	64.237	62.317	62.728	65.07	56.819	56.276	63.179	63.219	57.747	64.158	66.579	59.724	67.524	60.271	61.046	58.353	58.901	66.619	57.79	61.035	58.648	58.159	63.873	69.324	67.729	64.649	65.292	55.076	58.102
2	57.979	63.392	61.309	61.255	61.625	53.97	57.039	62.821	59.081	64.82	60.418	66.622	61.362	68.172	59.292	58.508	56.449	59.454	62.433	55.351	58.667	56.706	54.645	60.386	68.839	64.435	65.549	61.676	54.235	54.459
3	61.144	65.14	62.274	56.842	60.646	54.166	55.626	62.021	54.716	64.816	56.146	65.754	61.244	68.054	56.46	56.585	51.441	56.901	63.627	51.149	55.79	53.957	56.448	59.204	66.652	61.322	63.678	56.987	51.535	51.406
4	60.564	64.873	62.212	54.998	58.117	58.128	56.92	64.555	57.924	66.286	55.818	66.825	61.198	69.157	56.181	58.529	53.874	57.992	64.541	55.58	58.295	56.18	46.797	60.823	68.256	59.351	65.229	53.345	50.816	55.911
5	59.46	62.971	60.706	53.085	57.661	60.249	54.223	60.177	57.024	61.743	50.688	64.422	57.065	67.612	58.475	57.672	53.128	54.794	61.64	54.222	57.499	52.063	44.994	58.725	64.762	54.796	62.542	52.345	51.272	56.221
6	56.934	63.752	58.765	53.783	54.847	56.928	52.667	57.257	54.324	67.617	54.982	63.365	57.514	65.635	59.129	58.996	49.507	52.283	54.693	50.226	54.312	45.428	41.793	63.545	64.566	51.19	58.522	53.003	52.182	55.586
7	56.773	62.705	55.835	50.79	51.225	58.127	50.93	62.295	54.752	64.819	51.655	64.806	53.197	60.338	58.962	57.668	45.964	49.297	52.755	47.677	52.049	42.418	40.465	66.78	60.886	52.428	57.207	51.989	50.866	54.552
8	55.342	64.152	56.967	51.489	48.137	58.362	52.322	64.731	56.573	55.929	66.046	62.594	50.916	59.421	58.432	57.987	43.317	47.489	48.605	44.642	45.277	40.052	36.229	66.691	60.619	50.717	58.752	48.677	55.889	53.248
C	HLF+/+ND							HLF+/-ND							HLF+/+HFD							HLF+/-HFD						
TG	48.13484	47.20397	53.17158	46.3972	49.25189	46.21103	55.27157	53.78217	53.72011	53.16158	46.02485	49.74836	41.18429	42.30134	69.77103	69.40597	60.64478	67.14267	80.79554	74.37066	57.06729	46.04277	45.82375	48.3791	52.90572	51.73756	45.60472	54.07387
TC	165.8545	161.712	142.6104	204.2879	115.2237	112.9223	166.5449	100.7249	116.6046	107.1688	117.295	108.5497	165.9918	156.6933	218.7867	187.1425	306.5851	220.1676	189.674	186.7973	312.914	133.8651	166.0847	143.9912	154.0023	141.5747	122.1279	146.1776
D	2.034783	1.11681	1.001603	2.034787	0.862204	1.721976	1.775889	1.48514	1.521722	0.969429	1.419703	1.699546	0.399679	1.75211	3.175941657	2.610974427	4.257817629	3.534373239	4.944636498	2.200698658	1.708528396	1.762389813	1.668269696	1.402834092	1.24604947	1.09111738	1.052680147		
																													
E	8.370015	7.247523	7.688233	8.466682	9.237074	12.95944	6.977696	6.160179	7.320208	8.524901	5.385043	11.47841	4.774022	8.466672	15.52310863	15.90660852	29.48776209	33.64186991	16.13879124	20.81621455	18.93443537	5.676896232	6.262184827	11.72335372	5.162345243	7.744101993	9.76688046	10.4367572	
																													
F	1.20942	2.736639	2.453538	1.887337	0.560959	0.445621	1.20842	0.456106	2.15471	1.014444	0.508533	1.659284	1.827047	1.095704	5.260952298	3.673754255	4.161316484	3.062991246	3.986999846	3.491574	3.789092	2.128496969	2.414218816	2.647514718	1.688118237	2.390627336	2.29626029	1.906997077	
																													
G	0.343552	0.208029	0.25885	0.233101	0.332143	0.309671485	0.364559	0.342143	0.402505	0.263593421	0.378111	0.293409	0.332033	0.18465093	0.20836756	0.159917881	0.165677606	0.183295683	0.198542	0.152464	0.224291576	0.232761807	0.344229986	0.396067749	0.213449681	0.218193024	0.217515395		
																													
H	688.8592	693.8878	699.922	781.3845	745.179	821.613	702.9391	723.0534	633.5451	719.0305	703.9448	729.0876	657.6822	661.7051	1101.2	1224.903	1245.017	1090.138	1134.389	1129.36	1128.355	1185.68	915.144	913.1325	823.6243	986.5493	890.0012	931.2353	925.201
L	HLF+/+ ND				HLF+/- ND				HLF+/+ HFD				HLF+/- HFD			
	0.05376	0.047902	0.07043	0.053422	0.051282	0.044212	0.057992	0.061058	0.03958	0.043034	0.040982	0.039552	0.04739	0.0597	0.053354	0.071215
																
N	HLF+/+ ND				HLF+/- ND				HLF+/+ HFD				HLF+/- HFD			
	0.046151	0.043614	0.065908	0.048619	0.045976	0.039607	0.05335	0.058553	0.031054	0.03536	0.033891	0.031299	0.03848	0.049137	0.043307	0.057561
																
P	HLF+/+ ND				HLF+/- ND				HLF+/+ HFD				HLF+/- HFD			
	0.853023	0.899921	0.933582	0.896846	0.891164	0.885336	0.905733	0.952136	0.787176	0.818316	0.815339	0.780664	0.793688	0.8108	0.804568	0.80059
