con gw6471													
0	21.94	25	23.5	24.01	23.55	21.82	22.65	22.36	23.23	23.17	23.15	23.46	23.64
4	29.22	30.63	33.9	28.09	34.84	31.24	30.73	31.29	30.06	31.11	31.15	30.27	30.62
8	32.45	41.29	37.55	41.03	39.51	34.44	30.9	32.64	31.48	31.42	33.92	32.44	32.14
0	5.985	10.376	8.77	10.046	11.821	8.685	8.128	8.586	9.231	9.281	6.932	9.095	9.864
4	19.62	23.631	24.416	25.5	17.774	14.51	15.47	23.364	21.962	16.198	15.544	21.04	20.919
8	26.567	28.685	28.506	28.369	31.751	30.929	17.809	24.561	24.032	20.703	18.677	24.552	19.763
Subcutaneous WAT	3.112712975	2.797202797	2.896935933	3.239263804	3.142183818	3.9238653	1.630615641	1.186552406	1.22965642	1.736334405	1.568894952	1.683073992	
Epi WAT	4.423328965	5.217859064	5.236768802	6.306748466	5.839224928	5.856515373	3.327787022	2.142386289	2.278481013	3.547066849	3.669172932	3.397904097	
TG	291.2335	198.6921	289.2718	357.7808	319.6094	246.362	133.6895	156.6969	98.46001	177.8735	139.7548	147.4472
TC	80.0599	83.60812	71.9683	74.29221	88.11026	75.5976	61.35233	60.14055	57.85951	49.22855	56.48703	57.79261
	K	CON				GW6471						
		3.749733	3.976367	5.008271	3.839247	1.792943	1.74737	2.034945	1.03802			
L	0.229558	0.222996	0.242903	0.210318	0.224998	0.231226	0.19764	0.191524	0.190078	0.201088	0.197196	0.204647
LBP	136.5505	120.2582	118.2329	107.5776	137.1954	131.3187	64.90807	102.2328	103.4553	108.6694	97.74164	63.9956
sCD14	63.57139	65.74472	70.28526	69.47486	68.14061	63.40918	39.45646	54.93711	55.07749	54.43944	49.26488	38.38926
Phylum	HCON1	HCON2	HCON3	HGW1	HGW2	HGW3
Firmicutes	39299	48495	43253	27700	32945	13426
Bacteroidota	9559	6736	10835	31005	24519	13068
Desulfobacterota	2385	3098	4086	5406	210	806
Verrucomicrobiota	7738	446	391	2903	6867	1182
Campilobacterota	161	1589	455	1693	125	172
Proteobacteria	490	398	464	161	453	250
Deferribacterota	44	39	28	16	24	0
Actinobacteriota	236	196	269	184	200	525
Cyanobacteria	1	14	11	8	7	0
Patescibacteria	41	32	76	132	85	15
Unclassified	297	272	209	326	304	228
Genus	HFD	HFQ	fold(HFQ/HFD)	p-value
Bacteroides	10.32486667	35.05316667	3.39502366	0.001439325
Eubacterium_fissicatena_group	3.97846667	2.29853333	0.57774352	0.026137209
Eubacterium_nodatum_group	3.50556667	2.0006	0.57069233	0.008925654
Mucispirillum	0.06106667	0.01983333	0.32478166	0.039807524
Parabacteroides	0.6002	1.26616667	2.10957459	0.008508265
Desulfovibrio	0.0259	0.00443333	0.17117117	0.018364218
Holdemania	0.265	0.10513333	0.39672956	0.028505574
Lachnospiraceae_UCG-006	0.09963333	0.1691	1.69722315	0.031097463
Incertae_Sedis	0.05773333	0.0084	0.14549654	0.018698803
	Fe2+						Fe3+					
CON	26.72195	37.35964	27.32185	28.64714	29.79513	35.73364	24.66626	8.37796	7.18648	10.69269	8.01173	15.86307
GW6471	12.14809	11.59963	13.46192	18.00851	14.61934	17.94229	39.24698	20.78488	25.74435	44.73468	24.818	34.3599
