Description	count	all	pvalue
Insulin signaling pathway	4	116	0.049536395
Bile secretion	6	91	0.004495169
Fatty acid biosynthesis	2	18	0.0071094
PPAR signaling pathway	6	84	0.001818208
Fat digestion and absorption	2	41	0.034326912
Fatty acid degradation	2	49	0.047488678
Ferroptosis	1	34	0.216483571
PI3K-Akt signaling pathway	6	350	0.219568449
Fatty acid metabolism	1	58	0.340856988
cAMP signaling pathway	3	172	0.348331918
SYMBOL	D1	D2	D3	S1	S2	S3
Cpt1a	9409	8147	7420	980	7692	6869
Acox2	1025	585	1428	529	345	662
Ehhadh	3428	4193	6261	1710	2774	3151
Me1	1501	4025	3393	2430	629	537
Slc27a1	510	617	304	46	397	404
Hmgcs2	7517	5407	4252	1855	3097	3137
Aqp7	1093	1279	964	59	754	982
Plin2	4587	7971	6078	1370	3170	4411
Acsl1	1926	2330	3380	561	907	1768
Cyp27a1	2221	861	4116	927	528	1120
Cd36	2241	5124	6882	2231	1084	1102
Lpl	221	855	192	127	165	142
Acsl5	66214	99536	103174	14112	38577	47873
Fabp1	12983	140908	150135	56401	4037	4732
Cyp4a10	275	794	713	109	82	276
Pck1	6493	6417	23243	4001	2208	1698
Slc27a2	2154	7395	6112	841	1496	1623
Adipoq	0	423	59	0	0	33
Ppara	319	408	319	220	172	185
Contrl				PPARA(WT)+PCDNA3.1				PPARA(WT)+HLF				PPARA(Mut1)+HLF				PPARA(Mut2)+HLF			
0.024227675	0.028074241	0.028234427	0.027359207	0.073797579	0.084034865	0.07051006	0.081566295	0.124868691	0.12680393	0.133982553	0.1342065	0.083076336	0.082816535	0.083739877	0.086963389	0.095060552	0.095530672	0.094149688	0.097372345
pcDNA3.1			HLF		
1.005603	0.961309	1.033088	1.203505	1.164632	1.168225
pcDNA3.1				HLF				HLF+SiNC				HLF+SiPPARA			
101.7932732	103.688176	92.76855333	101.7499974	123.9306493	142.6239831	132.2111725	121.6002717	131.3480529	125.3368398	128.5636469	125.1945318	100.4570043	114.2748761	102.8974089	98.040605
105.7758144	98.28655186	93.94055972	101.997074	110.6383972	121.1532957	116.8606223	113.3096812	115.0720963	121.6653708	115.0801305	110.4189476	96.85995323	107.1472796	94.05294179	88.60357369
	HLF+SiNC			HLF+SiPPARA			Q	SiHLF+pcDNA3.1			SiHLF+PPARA		
0	10603.14685	9403.846154	11099.0676	8794.289044	7557.692308	8738.344988		9793.566971	10182.42919	10024.00384	11449.83197	10476.2362	10361.01776
1	10515.73427	9590.909091	11002.331	8592.657343	7431.818182	8300.11655		9845.415266	10162.26596	10078.7326	11230.91695	10415.74652	10386.94191
2	11097.9021	9972.027972	11535.54779	8917.832168	7581.002331	9045.454545		9946.231397	10386.94181	10312.04993	11294.28709	10602.97648	10594.33509
3	11674.82517	10422.49417	11910.25641	9629.370629	8303.030303	9589.74359		10271.72348	10427.26836	10611.61786	11654.3447	10856.45703	10657.70523
4	11946.38695	10918.41492	12459.79021	10296.62005	8730.769231	10373.54312		10366.77868	10709.55353	10738.35814	12158.42535	10991.83869	10908.30533
5	12679.48718	11274.47552	12879.95338	10622.37762	9008.741259	10899.18415		10548.24772	10902.54441	10816.13058	12455.11282	11325.97216	11161.78589
6	12979.60373	11728.43823	13328.08858	11030.30303	9465.034965	11197.55245		10741.2386	11058.08929	11012.00192	12636.58185	11648.58377	11334.61354
7	13269.23077	12042.54079	13702.21445	11414.33566	9755.244755	11507.57576		10767.16275	11187.71003	11213.63418	12941.91071	11691.79069	11573.69179
8	13477.85548	12374.12587	13910.83916	11565.85082	10067.59907	11897.4359		10931.34902	11305.80893	11199.23188	13011.04177	11827.17235	11700.43207
9	13708.04196	12768.64802	14188.22844	11669.58042	10498.8345	12065.26807		11130.10082	11285.6457	11300.04801	13155.06481	12020.16323	11746.51944
10	13917.83217	12794.87179	14493.00699	12023.89277	10515.15152	12259.32401		11124.33989	11409.50652	11325.97316	13238.59818	12080.6529	11919.3471
11	14228.43823	13080.41958	14543.12354	12184.73193	10699.88345	12554.77855		11147.38458	11521.84349	11406.62506	13330.77292	12138.26212	11979.83677
12	14479.02098	13307.69231	14695.22145	12419.58042	11004.662	12665.50117		11156.02496	11518.96303	11464.23428	13382.62122	12322.61162	12000
13	14622.96037	13397.4359	14842.65734	12548.95105	11090.90909	12805.94406		11288.52616	11478.63668	11542.00672	13546.80749	12377.34037	11994.23908
14	14870.04662	13745.338	14941.72494	12522.14452	11215.03497	13000.58275		11230.91495	11588.0941	11616.8987	13604.41671	12437.83015	12069.13106
15	14994.75524	13696.38695	15083.33333	12717.36597	11354.31235	13149.18415		11199.23198	11740.75852	11616.8977	13676.42833	12446.47144	12146.9035
16	15081.58508	13731.93473	15244.17249	12832.16783	11503.4965	13256.41026		11265.48248	11639.94239	11628.42055	13736.91791	12518.48286	12092.17475
17	15079.83683	13974.35897	15373.54312	13003.4965	11599.65035	13315.85082		11210.75372	11674.50792	11495.91935	13676.42823	12547.28757	12213.1541
18	15102.5641	13846.7366	15358.97436	13132.86713	11674.24242	13308.27506		11158.90542	11562.16995	11616.8997	13618.81901	12518.48296	12253.48056
19	15172.49417	14052.44755	15402.68065	13199.3007	11708.62471	13414.91841		11101.29621	11593.85502	11605.37686	13613.05809	12506.96211	12279.4047
20	15288.46154	14078.08858	15429.48718	13239.51049	11714.45221	13373.54312		11216.51464	11573.69189	11510.32165	13610.17763	12509.84157	12244.83917
21	15317.59907	14151.51515	15426.57343	13335.08159	11736.01399	13446.9697		11279.88478	11513.20221	11516.08257	13662.02592	12506.96151	12216.03457
22	15351.3986	14170.16317	15411.42191	13356.06061	11710.95571	13480.76923		11219.3851	11562.16975	11565.05041	13584.25348	12578.97264	12164.18627
23	15296.0373	14115.96737	15514.56876	13386.94639	11752.91375	13462.12121		11219.3951	11579.45271	11553.52856	13647.62362	12486.79788	12181.46904
24	15312.35431	14134.03263	15456.29371	13287.29604	11769.81352	13481.35198		11196.35142	11550.6481	11513.20211	13581.37302	12506.96111	12178.58857
25	15305.36131	14041.95804	15529.72028	13455.12821	11676.57343	13430.65268		11184.82957	11556.40903	11478.63658	13569.85118	12492.55881	12141.14258
26	15262.82051	14106.06061	15532.63403	13501.1655	11682.40093	13499.41725		11230.91696	11467.11474	11461.35382	13535.28566	12486.79789	12123.85982
27	15291.95804	14101.98145	15430.06993	13582.16783	11878.20513	13524.47552		11147.38358	11495.91835	11455.59289	13555.44887	12443.59097	12103.69659
28	15209.79021	14132.86713	15394.52214	13537.87879	11816.43357	13516.31702		11121.45943	11516.08267	11498.79981	13489.19827	12434.94959	12043.20691
29	15224.35897	14046.62005	15386.36364	13508.15851	11744.17249	13500.58275		11153.1445	11452.71243	11409.50552	13497.83965	12409.02544	12037.44599
30	15171.32867	14101.98135	15265.15152	13479.02098	11766.89977	13405.01166		11109.93759	11449.83198	11418.1469	13535.28565	12437.83005	11982.71723
