	CON fEVs						GW6471 fEVs						
0	22.03	22.74	22.93	22.8	23.78	23.86	22.43	22.3	22.86	22.16	23.5	24.15	22.05
2	30.56	28.56	31.16	27.9	28.43	29.5	26.65	26.98	27.51	26.64	27.96	27.91	27.17
4	35.06	31.15	34.85	30.93	31.36	32.35	29.77	29.43	30.52	29.87	30.95	29.64	28.94
6	38.52	34.16	38.45	34.65	34.54	34.25	31.08	30.66	30.92	32.37	32.33	31.61	30.99
8	40.48	34.35	42.28	34.78	35.92	36.52	32.25	32.32	32.72	32.67	32.96	31.46	30.69
													
0	6.714	7.181	8.194	4.504	5.572	7.024	5.211	5.596	4.788	5.758	5.383	5.362	4.73
2	26.666	21.117	26.788	16.219	12.649	16.075	15.49	17.013	18.397	16.096	8.805	8.499	18.727
4	33.611	27.191	32.671	21.623	19.244	18.201	20.175	20.832	23.07	23.927	12.931	11.957	23.601
6	36.648	30.708	38.179	25.042	23.463	19.46	18.787	21.647	23.224	27.343	17.117	13.603	24.56
8	37.307	29.962	38.001	27.582	22.714	23.442	21.091	23.617	23.111	24.539	16.726	14.762	23.363
	CON fEVs							GW6471 fEVs						
Subcutaneous WAT	2.642643	2.425107	3.979953	4.462727	4.856727	2.85059	2.753816	1.660578	2.461743	2.357238	2.662441	1.866752	1.775329	2.750611
Epi WAT	6.126126	4.764622	6.25	8.077786	7.01797	5.144168	5.206139	3.520425	4.357951	4.415671	5.490994	4.754358	3.154168	3.764922
TG	130.1018	101.3345	124.1118	99.34126	152.1546	100.8852	70.7079	95.98093	98.94575	86.37348	80.72291	70.72967
TC	42.89401	43.33325	42.00545	41.23925	41.33562	44.48581	38.8761	37.85006	38.60079	36.24818	38.97449	36.96899
		M	N
CON fEVs	40.45	0.536455	0.532765
	40.03	0.508825	0.508579
	36.52	0.492472	0.521008
	42.28	0.562578	0.543882
	35.92	0.386383	0.419839
GW6471 fEVs	34.5	0.546244	0.759094
	33.43	0.500636	0.754895
	33.54	0.509435	0.759437
	32.72	0.474372	0.756108
	32.32	0.446663	0.743879
CON fEVs				GW6471 fEVs			
4.875951	3.062308	2.960745	3.171424	1.385718	1.208305	1.473732	1.115655
P	CON fEVs						GW6471 fEVs					
	48.82999	59.74144	49.63158	45.36188	47.63578	47.81573	25.58385	17.24076	29.28098	24.3242	22.34476	35.8573
LBP	1.263635	1.545195	0.945661	1.155421	1.342615	1.312869	0.869245	0.742569	0.726157	0.686667	0.713336	0.772828
sCD14	35.191	39.37315	62.61798	50.06439	56.10205	59.28206	29.52162	24.67873	19.5157	21.25824	20.00864	17.5456
S	CON fEVs						GW6471 fEVs					
	7200.991	4640.17	5552.038	4403.76	7051.195	4749.407	2846.237	3899.289	3395.151	3020.962	3079.71	3671.881
T	346.537	306.1315	334.4202	206.118	157.3922	208.6365	141.7893	127.1769	62.27321	58.99241	53.55215	49.70359
U	3309.832	3634.487	3915.484	3606.814	2741.393	3866.568	5261.405	4450.124	4892.952	3958.235	4088.56	4018.624
V	142.1426	2363.085	2876.57	1418.833	450.754	1887.84	11552.86	4051.741	3073.932	4282.035	4780.871	2359.902
	Fe2+						Fe3+					
CON fEVs	85.67106	135.183	89.21317	102.3938	112.3948	97.37069	358.9319	797.9586	565.3898	429.342	493.3241	639.5336
GW6471 fEVs	59.53986	50.72198	51.32583	68.35563	79.39434	74.76961	801.825	477.6042	545.8935	638.1491	504.6153	384.9531
