0				5				10				20				50				75				100			
99.45068	99.79125	100.401	101.1975	100.1538	98.72009	98.35204	99.32983	96.16026	98.79747	96.15476	102.1424	84.15762	83.54787	86.65703	91.62288	64.59085	65.77189	63.60207	67.57915	57.00474	57.50462	55.36777	57.77379	56.81798	55.71934	57.48265	58.8175
OAPA				GW6471							
194.3581	204.1927	169.873	229.173	143.5794	152.9233	136.4742	131.969				
CON						GW6471					
32.45	41.29	37.55	41.03	39.51	34.44	32.14	30.9	32.64	31.48	32.44	31.42
	CON							GW6471						
0	66.632	61.644	62.757	61.552	64.416	63.405	63.465	65.223	65.026	62.021	63.379	64.662	60.341	61.006
4	53.628	51.619	52.345	59.815	62.29	60.487	49.734	59.834	52.63	53.404	58.38	56.963	51.332	58.064
8	49.827	47.181	48.607	53.2	45.798	43.5	44.939	58.702	51.886	52.23	57.694	51.05	53.36	55.49
TG	57.65137	45.4587	46.62686	42.75733	68.38384	62.54304	39.61789	46.04277	43.12237	45.60472	39.65789	44.43655
TC	236.7376	228.3375	265.0449	232.48	261.4777	227.7622	212.5729	216.2552	208.4304	219.0169	225.4608	200.9509
AST	31.99495	18.91421	19.37334	35.16679	24.36874	25.07006	11.84587	14.14496	13.85292	13.27648	12.39619	15.1494
ALT	18.32272	21.86888	36.10031	25.52905	23.30977	23.52428	6.10189	7.052054	9.358077	8.606362	8.866228	7.270165
H	4.135012	4.784652	3.719964	4.71247	3.807614	3.792146	3.547242	3.709652	3.31265	3.905575	3.843705	3.230156
I	0.330328	0.387122	0.356987	0.379008	0.29208	0.290921	0.52273	0.556343	0.53548	0.603864	0.538957	0.532003
J	10.2	10.8	11.6	12.8	7.2	6.7	6.2	5.8	5.4	5.7	5.6	5.2
L	0.03772	0.037908	0.034934	0.035092	0.033922	0.033989	0.049584	0.045337	0.051432	0.054628	0.043494	0.04739
N	0.036513	0.034464	0.028663	0.030588	0.029818	0.02965	0.039678	0.039515	0.04036	0.038884	0.040186	0.044202
P	0.819981	0.835532	0.835882	0.787064	0.818762	0.847862	0.842108	0.851109	0.828667	0.851727	0.857723	0.811963
			R
39.97	0.402368	CON	0.42881
41.7	0.425685		0.445905
41.62	0.413343		0.433835
39.87	0.421971		0.448413
30.94	0.457335	GW6471	0.512099
30.12	0.451754		0.511346
26.51	0.424472		0.496338
31.54	0.420195		0.474959
Level_2	HCON	HGW
Carbohydrate metabolism	405960.7265	395222.6701
Metabolism of cofactors and vitamins	303992.5552	325775.1501
Amino acid metabolism	337273.0821	312485.849
Metabolism of terpenoids and polyketides	279905.1721	248828.6688
Metabolism of other amino acids	171935.0716	172693.2974
Lipid metabolism	148511.8719	153788.487
Glycan biosynthesis and metabolism	109440.3988	170832.3939
Energy metabolism	145253.2795	148262.7955
Translation	85714.68387	74761.3347
Others	663588.8496	590601.4629
SYMBOL	HCON1	HCON2	HCON3	HGW1	HGW2	HGW3
Citrate cycle (TCA cycle) 	19132.6226	19599.5596	20390.2559	31298.1619	21504.4281	25316.9963
 Fatty acid degradation 	7618.2796	8178.3179	8324.3988	10667.5796	8990.6542	9177.8654
Primary bile acid biosynthesis 	2498.9144	2016.2533	2501.6133	4626.8467	3010.9056	4054.2267
Secondary bile acid biosynthesis 	772.6794	382.3678	547.5089	2011.1633	868.1383	1700.3956
Oxidative phosphorylation 	10129.75	10712.2247	10415.4107	14111.7375	10910.9738	12672.0512
 Amino sugar and nucleotide sugar metabolism 	31643.2459	31913.9348	31567.4506	41571.8885	31330.7426	38080.9763
Glycerolipid metabolism 	16219.7481	14794.4894	15810.6841	12511.7153	14501.9494	13677.8841
Glycerophospholipid metabolism 	15481.4902	14788.8995	15177.4233	13121.8475	14028.4868	14122.8075
Sphingolipid metabolism 	12595.288	10845.7905	11704.165	21476.918	12205.4935	19601.7495
 N-Glycan biosynthesis 	1651.3323	1847.8636	1645.7918	2053.9123	2190.95	2353.9686
Glycosaminoglycan degradation 	14860.1571	6600.8343	10353.6414	36641.0314	12974.9057	31523.3357
Ubiquinone and other terpenoid-quinone biosynthesis 	4705.469	5741.673	5834.137	12572.444	5690.066	8672.748
Vitamin B6 metabolism 	22612.565	24086.3762	24785.9175	33402.3838	24542.0475	29290.125
Nicotinate and nicotinamide metabolism 	26383.0728	28913.4367	27639.11	33484.7283	29074.0233	30312.5644
Biotin metabolism 	34869.022	33996.072	36390.124	61294.538	35949.372	49656.96
