Compounds	CON1	CON2	CON3	CON4	CON5	GW6471.1	GW6471.2	GW6471.3	GW6471.4	GW6471.5
Carnitine C4:0	0.01676	0.03032	0.03684	0.029960000000000004	0.0408	0.0456	0.0548	0.0976	0.076	0.0808
Carnitine C3:1-2OH	0.01848	0.01652	0.01832	0.017519999999999997	0.016319999999999998	0.03592	0.01968	0.03112	0.026039999999999997	0.03296
norcholic acid	5.52	5.72	6.48	3.424	0.0	24.4	12.8	12.68	11.72	9.48
Taurochenodeoxycholic acid	12.56	12.2	9.88	10.04	10.16	34.96	21.24	18.92	19.44	19.56
taurolithocholicacid-3-sulfate	2.108	2.984	2.7439999999999998	2.6919999999999997	2.148	5.96	3.94	4.32	3.2560000000000002	3.68
Glycocholic acid	20.04	22.24	22.0	18.96	17.36	59.2	37.88	34.04	30.24	30.28
HexCer(t23:2/15:1(2OH))	5.72	3.364	4.72	3.86	4.32	18.28	6.04	10.88	7.08	16.28
HexCer(t22:2/15:1(2OH))	12.84	5.4	8.48	8.76	7.6	29.76	10.28	20.2	12.2	26.52
Carnitine C6:0	0.01152	0.01924	0.017	0.01936	0.0334	0.0222	0.02376	0.0398	0.0436	0.0436
PG(18:0_19:0)	3.24	2.0	2.01	3.59	1.17	3.88	2.39	3.98	4.24	4.3
Cer(d20:1/28:2)	1.25	1.9	1.31	1.01	0.8390000000000001	0.955	0.47100000000000003	0.753	0.22899999999999998	0.307
DG(16:0_18:1)	7.18	7.42	9.8	7.3	8.04	5.42	7.14	4.94	4.92	6.52
FFA(22:3)	3.74	6.66	3.78	5.06	3.98	1.452	0.0	0.0	0.0	2.58
PE(O-16:1_20:4)	6.26	7.36	7.12	5.22	6.1	3.06	2.28	3.34	1.972	3.76
PE(O-16:1_18:1)	13.28	15.88	15.26	10.72	13.4	6.58	5.7	7.06	4.72	9.1
PI(18:0_18:1)	2.3	2.06	2.46	2.28	1.618	1.08	1.49	1.33	0.648	1.162
SPH(d18:0)	0.2736	0.3196	0.3004	0.2984	0.3144	0.1484	0.1224	0.1512	0.11	0.1416
SPH(d18:1)	2.112	2.2319999999999998	2.244	2.188	2.188	1.1640000000000001	1.044	1.228	0.8079999999999999	1.128
FFA(18:1)	274.0	274.0	314.0	314.0	288.0	143.8	138.6	115.8	106.2	113.8
FFA(18:2)	44.0	41.6	39.0	25.2	29.2	13.88	19.24	21.2	23.8	36.8
description	count	all	Pvalue
Fatty acid degradation	10	20	0.0330515377216505
Non-alcoholic fatty liver disease	9	18	0.0428370770767547
AMPK signaling pathway	9	18	0.0428370770767547
Type II diabetes mellitus	9	18	0.0428370770767547
Biosynthesis of unsaturated fatty acids	7	13	0.0475999449971518
Bile secretion	4	6	0.039281271
Insulin secretion	9	19	0.051686446
Primary bile acid biosynthesis	3	4	0.063136974
Fatty acid metabolism	1	2	0.049113252
Ferroptosis	2	3	0.039867994
symbol	CON1	CON2	CON3	GW6471.1	GW6471.2	GW6471.3
Lactobacillus	89	121	219	41	98	102
Streptococcus	459	841	390	173	188	280
Enterococcus	120	58	42	10	41	35
bacillus	10	3	6	5	3	0
Clostridia	51.2047	66.3014	61.9333	29.4396	37.4749	34.3617
Alphaproteobacteria	49	191	71	19	84	21
H	128.88	137.231	123.869	114.552	102.18	98.6442	154.079	132.963	191.911	252.322	124.262	187.025
I	173.615	165.548	154.77	121.688	110.02	135.845	201.755	176.31	229.853	328.129	322.268	173.166
TG 0				10				25				50				75				100			
100.0073	100.8741	99.7833	99.33529	97.15368	96.75437	101.4682	94.67989	97.35821	103.2797	99.74434	98.35162	94.27084	101.9454	95.9947	102.0428	95.10241	96.06288	97.36795	95.722	92.5275	93.18004	93.73518	92.43984
CON			TCDCA		
42.69945924	36.7269097	37.34395458	28.52642085	29.66546668	28.02799999
CON				TCDCA			
8554.83	8715.98	8383.14	7488.47	6893.79	6946.23	7425.61	7511.65
4217.062	4102.065	4344.013	4021.677	5061.608	5185.034	4985.818	4965.697
35097.86	35788.36	38699.71	32652.4	28530.55	29476.43	27987.17	26918.68
0.968	0.887	0.899	0.9	1.247	1.035	1.201	1.114
